5.046748
3.172803
2.821733
2.571515
2.257547
2.210696
2.044850
1.938869
1.948669
1.836373
1.729420
1.744124
1.720006
1.638621
1.626933
1.603554
1.557714
1.536316
1.533185
1.449421
1.428086
1.398469
1.421020
1.398221
1.361049
1.336137
1.338854
1.274393
1.281459
1.235024
1.244419
1.225819
1.244711
1.193255
1.178384
1.157066
1.149746
1.155789
1.134628
1.129334
1.099921
1.106343
1.072288
1.061397
1.080931
1.048806
1.043252
0.997094
1.019846
0.993624
1.012574
1.000488
1.003607
0.974601
0.985416
0.945841
0.959969
0.944960
0.950172
0.941528
0.925241
0.933592
0.932479
0.932866
0.897598
0.923547
0.914803
0.914785
0.883212
0.875524
0.889565
0.873146
0.865181
0.900459
0.867766
0.879408
0.878147
0.872830
0.877156
0.853215
0.849257
0.858886
0.872452
0.841098
0.844549
0.830130
0.858298
0.862743
0.842274
0.832505
0.852051
0.821006
0.801242
0.834746
0.817219
0.828822
0.825087
0.814519
0.827783
0.817761
0.808354
0.810103
0.822479
0.805804
0.825928
0.828793
0.814962
0.821656
0.812161
0.792512
0.789925
0.809973
0.836408
0.807874
0.808739
0.803748
0.805766
0.811974
0.809153
0.825017
0.802250
0.786256
0.806937
0.795757
0.783547
0.793100
0.797084
0.805672
0.797125
0.797413
0.796536
0.776064
0.784865
0.828482
0.775488
0.813820
0.794317
0.777222
0.778476
0.809690
0.810938
0.801094
0.804052
0.817956
0.786506
0.784092
0.794241
0.792701
0.787120
0.792216
