000019 0.692787587643 154.5 202.8 135.9 187.2 227.7 107.8 246.3 123.4
000021 0.188998326659 183.5 237.1 178.3 212.1 307.0 192.8 312.3 217.7
000031 0.253027796745 202.0 153.2 184.0 127.1 358.8 69.5 376.8 95.7
000031 0.230939760804 18.4 200.1 2.7 171.7 181.7 124.5 197.4 153.0
000039 0.242947340012 248.7 169.4 247.5 150.5 385.5 144.9 386.7 163.9
000069 0.651264786720 122.3 145.1 116.0 131.3 199.8 106.1 206.1 119.9
000219 0.669132709503 169.5 177.1 157.4 150.4 361.3 106.3 373.4 133.0
000219 0.609336316586 261.0 353.1 256.9 339.2 315.2 330.9 319.4 344.7
000219 0.537659406662 238.2 233.5 230.2 210.4 420.2 179.4 428.1 202.5
000219 0.525742113590 319.3 368.0 313.4 349.1 474.6 325.1 480.5 344.0
000219 0.494493633509 111.0 90.9 102.2 60.5 314.1 31.1 323.0 61.5
000219 0.493024557829 313.8 300.5 307.9 282.2 465.0 258.0 470.9 276.3
000221 0.625525116920 430.2 334.6 21.1 233.1 42.4 162.6 451.5 264.1
000229 0.729500889778 477.2 274.5 334.1 238.5 342.9 209.9 486.1 245.8
000229 0.712115347385 279.8 237.4 81.0 188.8 91.2 155.0 290.0 203.6
000229 0.583034753799 408.5 401.0 355.6 389.7 359.5 374.9 412.4 386.3
000229 0.358032613993 468.4 419.0 425.0 403.7 431.0 389.8 474.4 405.2
000231 0.613238275051 170.3 191.0 162.6 162.4 352.6 122.6 360.3 151.2
000231 0.581386208534 39.4 194.3 32.0 179.4 118.0 146.1 125.5 161.0
000231 0.573642909527 217.3 153.9 212.7 134.5 348.6 109.8 353.1 129.3
000231 0.541257917881 45.0 213.5 40.3 199.4 130.5 176.1 135.1 190.2
000239 0.778111577034 153.1 357.5 111.1 345.6 185.9 196.1 228.0 208.0
000239 0.762897968292 245.6 167.8 206.2 156.1 277.9 20.0 317.3 31.7
000241 0.866520941257 296.9 265.1 262.8 16.8 326.7 9.5 360.8 257.9
000241 0.801251828671 190.7 314.8 186.9 292.4 314.3 274.8 318.0 297.3
000241 0.641011953354 71.5 321.3 30.3 250.5 50.5 240.7 91.8 311.5
000241 0.368870317936 -3.6 217.9 -5.2 160.4 18.9 159.8 20.6 217.3
000249 0.701815187931 85.0 138.0 79.7 129.5 127.1 113.5 132.5 121.9
000251 0.775847911835 153.6 117.3 146.2 109.8 191.3 90.3 198.8 97.9
000349 0.581057786942 323.3 180.0 315.1 172.7 365.8 152.9 374.0 160.2
000351 0.582557260990 343.2 195.3 335.6 187.9 384.8 167.8 392.4 175.2
000351 0.274482995272 468.6 150.7 467.3 142.4 475.2 141.9 476.6 150.2
000359 0.790336310863 45.0 93.3 25.2 84.1 63.1 41.8 82.8 51.0
000409 0.694442152977 117.2 172.9 108.8 165.9 155.6 147.3 164.1 154.3
000641 0.833706557751 292.9 309.6 255.1 194.4 290.5 188.8 328.3 304.0
000641 0.821567773819 173.2 200.5 126.1 57.9 172.2 50.5 219.3 193.1
000641 0.586472392082 192.9 260.4 189.4 244.5 200.5 243.3 204.0 259.2
000641 0.481843054295 280.9 137.5 269.2 136.8 270.9 121.5 282.6 122.1
000641 0.420994222164 227.8 26.2 218.0 12.3 228.4 8.8 238.2 22.7
000641 0.324297279119 379.0 211.5 367.4 210.0 375.2 180.6 386.8 182.1
000729 0.742534160614 169.6 199.0 137.5 137.6 158.8 132.4 190.8 193.8
000729 0.729293167591 458.3 183.0 438.1 179.0 464.7 115.3 484.9 119.2
000729 0.618706822395 222.5 48.9 147.2 16.5 158.3 4.4 233.6 36.8
000729 0.588494777679 197.6 248.9 174.5 206.0 189.8 202.2 212.8 245.1
000729 0.581788778305 128.0 154.5 90.2 139.8 97.6 130.9 135.4 145.5
000729 0.537841677666 226.9 255.0 204.7 242.3 283.1 178.1 305.3 190.8
000729 0.522951483727 289.8 323.9 273.6 314.1 335.0 266.6 351.2 276.5
000729 0.520640432835 347.8 283.1 330.0 274.4 372.5 233.8 390.3 242.5
000741 0.737593173981 185.7 121.8 11.9 82.6 22.0 61.5 195.8 100.7
000741 0.615991592407 402.3 168.2 343.2 145.5 354.0 132.4 413.1 155.1
000741 0.500998318195 167.2 132.0 55.2 109.4 60.8 96.3 172.9 118.9
000741 0.360051512718 302.2 127.8 262.9 115.3 275.7 96.3 315.0 108.7
000749 0.592646956444 414.0 254.2 269.1 226.4 276.3 208.3 421.1 236.1
000749 0.495818585157 153.3 213.0 55.0 172.6 68.0 157.3 166.3 197.7
000749 0.276102691889 159.8 175.4 74.9 151.5 81.7 139.9 166.5 163.8
000749 0.226586118340 437.0 245.7 198.0 188.7 213.4 157.2 452.5 214.2
000751 0.639596223831 259.5 225.3 112.8 200.4 119.3 181.9 266.1 206.9
000751 0.630410015583 216.8 281.1 82.4 258.3 89.5 238.1 223.9 260.9
000751 0.605013072491 286.9 181.1 161.0 159.6 167.1 142.5 293.0 164.1
000751 0.572414100170 217.6 74.7 179.3 67.7 183.1 57.9 221.3 65.0
000751 0.553716659546 210.1 103.5 163.9 92.5 169.9 80.4 216.1 91.4
000751 0.515973746777 330.6 80.8 212.6 61.1 217.5 47.2 335.4 66.9
000751 0.433093607426 311.4 122.9 218.3 104.6 222.9 93.3 316.0 111.6
000751 0.307101100683 268.3 4.2 231.2 3.5 231.4 -2.5 268.5 -1.9
000759 0.670870304108 362.6 182.5 239.1 132.6 253.5 113.8 377.0 163.7
000759 0.632385730743 211.2 355.4 148.2 332.5 156.5 320.4 219.5 343.3
000759 0.203649461269 248.9 362.7 227.4 341.2 255.6 326.4 277.0 347.9
000761 0.732409417629 273.4 181.8 251.3 177.9 280.1 104.5 302.3 108.4
000761 0.659467935562 16.7 266.7 -12.5 252.4 72.1 174.7 101.3 189.0
000761 0.622277855873 83.8 338.3 65.5 327.8 131.5 276.1 149.8 286.6
000761 0.579076528549 149.4 290.1 133.0 282.2 178.2 240.1 194.7 248.0
001019 0.738634765148 190.1 138.7 175.0 132.7 204.7 103.4 219.8 109.4
001019 0.603684842587 163.0 225.8 122.1 223.2 124.1 210.7 165.1 213.2
001019 0.546245574951 62.1 152.4 30.2 142.2 39.3 131.1 71.2 141.3
001019 0.245515316725 242.3 210.4 241.9 202.6 249.9 202.4 250.3 210.3
001029 0.642236292362 233.5 112.2 216.5 108.2 220.8 102.7 237.7 106.7
001029 0.531732141972 363.2 162.9 360.0 157.7 377.2 154.4 380.5 159.6
001029 0.499965190887 283.9 83.8 265.9 73.5 274.0 69.2 292.0 79.4
001029 0.479240030050 228.6 153.9 214.6 148.3 220.6 143.7 234.6 149.2
001029 0.473364025354 260.0 174.0 259.2 168.2 272.5 167.6 273.3 173.4
001031 0.603387176991 404.6 103.2 400.8 89.9 443.0 84.6 446.7 97.9
001031 0.600104153156 63.2 76.0 27.1 68.4 33.1 55.6 69.2 63.2
001031 0.490458399057 173.7 131.8 137.2 129.4 139.3 115.1 175.8 117.5
001039 0.769395768642 426.4 82.3 404.2 74.4 447.4 30.6 469.7 38.5
001039 0.702562034130 391.3 192.9 336.2 191.8 337.0 176.9 392.0 177.9
001039 0.702056884766 136.0 211.8 103.8 189.4 118.2 181.9 150.3 204.3
001039 0.683754205704 257.5 98.3 213.6 82.3 226.2 69.7 270.2 85.7
001039 0.456465452909 462.5 106.2 458.6 94.1 469.5 92.8 473.4 104.9
001039 0.332467824221 363.6 307.8 359.4 290.5 430.4 284.3 434.6 301.6
001039 0.202904447913 427.1 305.5 424.0 289.9 472.6 286.4 475.7 302.0
001041 0.659226596355 241.9 229.6 236.6 223.8 254.4 218.3 259.7 224.1
001041 0.606714487076 179.4 91.9 178.5 79.6 188.8 79.4 189.7 91.6
001041 0.586053431034 236.3 164.3 226.8 160.3 240.5 149.1 250.0 153.0
001041 0.564355790615 308.4 205.5 306.2 197.1 327.4 195.2 329.7 203.5
001041 0.380440235138 117.3 214.1 106.4 213.5 107.4 206.8 118.3 207.4
001041 0.308874160051 219.9 308.6 218.6 280.5 396.8 277.7 398.1 305.8
001049 0.641285300255 172.1 40.0 171.0 33.0 204.1 31.1 205.2 38.0
001049 0.502746701241 30.0 101.3 26.6 93.7 58.0 88.5 61.4 96.1
001059 0.730874478817 32.2 61.5 18.0 53.1 68.8 30.4 83.0 38.9
001059 0.615126252174 194.5 59.6 159.5 52.4 165.2 45.0 200.2 52.2
001059 0.352969616652 316.9 191.2 315.4 143.4 334.5 143.2 336.0 191.1
001069 0.659263789654 105.4 185.3 52.1 169.1 61.6 156.0 114.9 172.1
001069 0.640063881874 151.9 68.3 106.1 56.7 113.8 43.8 159.7 55.4
001069 0.483864516020 60.3 191.2 41.6 180.3 53.5 171.7 72.2 182.6
001069 0.469286561012 190.7 241.6 181.5 240.9 183.5 230.0 192.7 230.7
001069 0.425870448351 482.4 244.7 480.0 229.0 496.2 227.9 498.6 243.7
001069 0.421013146639 496.8 183.1 480.5 182.9 481.9 136.5 498.3 136.7
001069 0.374153614044 425.0 164.1 415.5 163.6 416.5 155.4 426.0 155.9
001069 0.293446093798 273.3 129.6 263.6 129.3 264.5 118.4 274.2 118.7
001069 0.210176452994 100.9 333.7 84.0 289.0 281.7 257.5 298.7 302.1
001071 0.622603952885 179.3 88.1 168.4 86.8 174.6 68.1 185.5 69.4
001071 0.249022156000 490.7 296.6 471.5 296.1 474.5 252.2 493.7 252.7
001071 0.205498337746 260.1 306.1 246.2 253.1 273.9 250.5 287.8 303.5
001071 0.182326763868 479.3 195.6 476.7 127.8 506.0 127.4 508.6 195.2
001079 0.725351333618 213.1 132.1 194.4 93.2 217.6 89.1 236.4 128.0
001079 0.522764682770 192.5 190.7 186.3 169.7 198.6 168.4 204.8 189.4
001081 0.684435367584 248.9 126.3 233.6 87.9 248.8 86.0 264.1 124.4
001081 0.587972640991 277.3 148.8 267.6 124.1 279.1 122.6 288.8 147.4
001081 0.189444318414 309.5 255.7 288.2 206.6 304.8 204.3 326.1 253.5
001089 0.557350933552 351.0 222.2 347.0 214.9 396.2 206.3 400.2 213.6
001089 0.436093896627 217.1 251.1 209.2 239.9 298.9 219.4 306.8 230.5
001089 0.402253448963 203.0 255.8 199.3 247.4 240.4 241.5 244.1 249.9
001089 0.337741792202 140.2 192.4 108.1 188.8 139.5 98.6 171.5 102.2
001089 0.258354872465 376.8 82.9 343.7 59.7 356.7 53.7 389.7 76.9
001089 0.252381503582 313.0 227.7 307.4 220.5 334.6 213.6 340.2 220.8
001089 0.218857258558 195.9 140.7 187.9 90.8 208.4 89.7 216.4 139.7
001091 0.743841171265 490.7 271.6 431.7 170.1 469.2 162.8 528.2 264.3
001091 0.664095342159 226.6 221.1 211.6 206.7 297.6 176.7 312.6 191.1
001091 0.598237037659 32.5 252.9 26.0 239.8 83.6 230.3 90.1 243.4
001091 0.523958206177 48.1 128.9 44.5 120.7 95.6 113.1 99.2 121.3
001091 0.499579310417 114.5 234.9 106.0 228.5 135.1 215.4 143.7 221.7
001091 0.407730489969 165.2 218.7 158.8 214.1 190.1 199.2 196.6 203.8
001091 0.405072450638 397.8 181.2 387.9 171.9 422.8 159.6 432.7 168.9
001091 0.244222745299 180.7 229.7 174.4 226.4 195.9 212.6 202.2 215.8
001151 0.640641093254 179.3 207.5 161.7 202.1 165.9 196.0 183.5 201.5
001151 0.570888459682 235.4 236.4 218.5 233.9 220.5 227.8 237.4 230.2
001151 0.541302204132 184.4 153.1 162.8 147.9 166.5 141.0 188.1 146.1
001151 0.493852615356 251.7 115.8 229.1 103.4 237.0 96.9 259.7 109.3
001151 0.489856481552 354.3 220.9 351.7 213.9 374.1 210.2 376.7 217.2
001151 0.235731095076 179.6 336.9 167.6 326.3 185.1 317.3 197.2 327.9
001159 0.626276969910 261.8 225.9 230.2 224.5 231.1 214.5 262.7 215.9
001159 0.588432371616 116.1 237.3 98.6 222.7 108.3 216.8 125.9 231.5
001159 0.544345080853 107.1 121.9 85.1 107.3 93.0 101.4 115.0 116.0
001159 0.531982064247 282.1 159.9 271.9 154.9 292.4 134.2 302.6 139.3
001159 0.521071016788 152.5 126.2 125.4 116.6 131.6 107.9 158.7 117.5
001159 0.481206208467 186.2 171.5 162.4 163.4 168.7 154.2 192.5 162.3
